1.000000  1.199121  0.000300
1.078347  1.198479  0.000300
1.156693  1.109381  0.000300
1.235040  0.737625  0.000300
1.313387  1.103986  0.000300
1.391734  1.201245  0.000300
1.470080  1.190338  0.000300
1.548427  1.200744  0.000300
1.626774  1.197187  0.000300
1.705120  1.194665  0.000300
1.783467  1.194503  0.000300
1.861814  1.197777  0.000300
1.940160  1.197540  0.000300
2.018507  1.197954  0.000300
2.096854  1.201151  0.000300
2.175201  1.198080  0.000300
2.253547  1.196568  0.000300
2.331894  1.198312  0.000300
2.410241  1.196258  0.000300
2.488587  1.191639  0.000300
2.566934  1.197224  0.000300
2.645281  1.195447  0.000300
2.723627  1.193618  0.000300
2.801974  1.196726  0.000300
2.880321  1.198814  0.000300
2.958668  1.197928  0.000300
3.037014  1.194778  0.000300
3.115361  1.194941  0.000300
3.193708  1.194857  0.000300
3.272054  1.195126  0.000300
3.350401  1.193015  0.000300
3.428748  1.195027  0.000300
3.507095  1.194931  0.000300
3.585441  1.194330  0.000300
3.663788  1.193981  0.000300
3.742135  1.200573  0.000300
3.820481  1.198715  0.000300
3.898828  1.202791  0.000300
3.977175  1.200663  0.000300
4.055521  1.194653  0.000300
4.133868  1.195236  0.000300
4.212215  1.194422  0.000300
4.290562  1.196551  0.000300
4.368908  1.193290  0.000300
4.447255  1.199261  0.000300
4.525602  1.199964  0.000300
4.603948  1.197277  0.000300
4.682295  1.200536  0.000300
4.760642  1.194402  0.000300
4.838989  1.203282  0.000300
4.917335  1.199085  0.000300
4.995682  1.198134  0.000300
5.074029  1.198975  0.000300
5.152375  1.199868  0.000300
5.230722  1.200634  0.000300
5.309069  1.201319  0.000300
5.387415  1.198670  0.000300
5.465762  1.196285  0.000300
5.544109  1.199523  0.000300
5.622456  1.175427  0.000300
5.700802  1.025988  0.000300
5.779149  1.034198  0.000300
5.857496  1.187936  0.000300
5.935842  1.195017  0.000300
6.014189  1.193413  0.000300
6.092536  1.196016  0.000300
6.170882  1.195326  0.000300
6.249229  1.196261  0.000300
6.327576  1.198631  0.000300
6.405923  1.199527  0.000300
6.484269  1.201995  0.000300
6.562616  1.202239  0.000300
6.640963  1.191794  0.000300
6.719309  1.199114  0.000300
6.797656  1.194911  0.000300
6.876003  1.202384  0.000300
6.954350  1.191157  0.000300
7.032696  1.196311  0.000300
7.111043  1.202774  0.000300
7.189390  1.200925  0.000300
7.267736  1.196908  0.000300
7.346083  1.195963  0.000300
7.424430  1.197535  0.000300
7.502776  1.205713  0.000300
7.581123  1.202299  0.000300
7.659470  1.205050  0.000300
7.737817  1.198364  0.000300
7.816163  1.200934  0.000300
7.894510  1.197521  0.000300
7.972857  1.197376  0.000300
8.051203  1.198095  0.000300
8.129550  1.199481  0.000300
8.207897  1.198537  0.000300
8.286244  1.199334  0.000300
8.364590  1.191890  0.000300
8.442937  1.198828  0.000300
8.521284  1.202309  0.000300
8.599630  1.199416  0.000300
8.677977  1.195826  0.000300
8.756324  1.198335  0.000300
8.834670  1.198536  0.000300
8.913017  1.202363  0.000300
8.991364  1.196261  0.000300
9.069711  1.198568  0.000300
9.148057  1.199042  0.000300
9.226404  1.198791  0.000300
9.304751  1.202026  0.000300
9.383097  1.203833  0.000300
9.461444  1.199946  0.000300
9.539791  0.882609  0.000300
9.618137  0.870802  0.000300
9.696484  1.199614  0.000300
9.774831  1.198208  0.000300
9.853178  1.198484  0.000300
9.931524  1.198126  0.000300
10.009871  1.198738  0.000300
10.088218  1.201057  0.000300
10.166564  1.201001  0.000300
10.244911  1.199123  0.000300
10.323258  1.203462  0.000300
10.401605  1.199170  0.000300
10.479951  1.202634  0.000300
10.558298  1.206966  0.000300
10.636645  1.199024  0.000300
10.714991  1.202019  0.000300
10.793338  1.198780  0.000300
10.871685  1.199581  0.000300
10.950031  1.200091  0.000300
11.028378  1.201453  0.000300
11.106725  1.199007  0.000300
11.185072  1.199876  0.000300
11.263418  1.200977  0.000300
11.341765  1.199477  0.000300
11.420112  1.196919  0.000300
11.498458  1.201594  0.000300
11.576805  1.198333  0.000300
11.655152  1.203483  0.000300
11.733499  1.196396  0.000300
11.811845  1.197919  0.000300
11.890192  1.200298  0.000300
11.968539  1.203403  0.000300
12.046885  1.201599  0.000300
12.125232  1.199108  0.000300
12.203579  1.198183  0.000300
12.281925  1.201908  0.000300
12.360272  1.199879  0.000300
12.438619  1.199377  0.000300
12.516966  1.199651  0.000300
12.595312  1.200939  0.000300
12.673659  1.202737  0.000300
12.752006  1.198213  0.000300
12.830352  1.196778  0.000300
12.908699  1.199177  0.000300
12.987046  1.203119  0.000300
13.065392  1.201499  0.000300
13.143739  1.203322  0.000300
13.222086  1.197024  0.000300
13.300433  1.206550  0.000300
13.378779  1.200335  0.000300
13.457126  1.201727  0.000300
13.535473  1.200615  0.000300
13.613819  1.196847  0.000300
13.692166  1.197110  0.000300
13.770513  1.197462  0.000300
13.848860  1.201170  0.000300
13.927206  1.199402  0.000300
14.005553  1.104323  0.000300
14.083900  1.004477  0.000300
14.162246  1.112260  0.000300
14.240593  1.199954  0.000300
14.318940  1.207748  0.000300
14.397286  1.200127  0.000300
14.475633  1.200309  0.000300
14.553980  1.203100  0.000300
14.632327  1.193949  0.000300
14.710673  1.191913  0.000300
14.789020  1.199528  0.000300
14.867367  1.198494  0.000300
14.945713  1.200764  0.000300
15.024060  1.199952  0.000300
15.102407  1.200240  0.000300
15.180754  1.199362  0.000300
15.259100  1.203470  0.000300
15.337447  1.199229  0.000300
15.415794  1.194959  0.000300
15.494140  1.201970  0.000300
15.572487  1.203473  0.000300
15.650834  1.206399  0.000300
15.729180  1.194976  0.000300
15.807527  1.199440  0.000300
15.885874  1.203778  0.000300
15.964221  1.200730  0.000300
16.042567  1.200252  0.000300
16.120914  1.200642  0.000300
16.199261  1.199462  0.000300
16.277607  1.201683  0.000300
16.355954  1.200468  0.000300
16.434301  1.198939  0.000300
16.512647  1.199087  0.000300
16.590994  1.199661  0.000300
16.669341  1.200205  0.000300
16.747688  1.197157  0.000300
16.826034  1.203782  0.000300
16.904381  1.202066  0.000300
16.982728  1.199035  0.000300
17.061074  1.202771  0.000300
17.139421  1.199901  0.000300
17.217768  1.198424  0.000300
17.296115  1.202273  0.000300
17.374461  1.202693  0.000300
17.452808  1.201823  0.000300
17.531155  1.197733  0.000300
17.609501  1.203322  0.000300
17.687848  1.199858  0.000300
17.766195  1.199066  0.000300
17.844541  1.124822  0.000300
17.922888  0.740132  0.000300
18.001235  1.098260  0.000300
18.079582  1.198897  0.000300
18.157928  1.206419  0.000300
18.236275  1.200690  0.000300
18.314622  1.198732  0.000300
18.392968  1.199585  0.000300
18.471315  1.199807  0.000300
18.549662  1.200664  0.000300
18.628009  1.202981  0.000300
18.706355  1.196167  0.000300
18.784702  1.203533  0.000300
18.863049  1.194458  0.000300
18.941395  1.199490  0.000300
19.019742  1.197356  0.000300
19.098089  1.201909  0.000300
19.176435  1.196346  0.000300
19.254782  1.194968  0.000300
19.333129  1.198798  0.000300
19.411476  1.199759  0.000300
19.489822  1.194734  0.000300
19.568169  1.200162  0.000300
19.646516  1.199072  0.000300
19.724862  1.200089  0.000300
19.803209  1.205282  0.000300
19.881556  1.196504  0.000300
19.959902  1.203100  0.000300
20.038249  1.200589  0.000300
20.116596  1.201110  0.000300
20.194943  1.203735  0.000300
20.273289  1.199978  0.000300
20.351636  1.200123  0.000300
20.429983  1.196902  0.000300
20.508329  1.204609  0.000300
20.586676  1.202006  0.000300
20.665023  1.200567  0.000300
20.743370  1.205421  0.000300
20.821716  1.205203  0.000300
20.900063  1.206394  0.000300
20.978410  1.205698  0.000300
21.056756  1.200516  0.000300
21.135103  1.197658  0.000300
21.213450  1.198007  0.000300
21.291796  1.201100  0.000300
21.370143  1.200043  0.000300
21.448490  1.203182  0.000300
21.526837  1.201400  0.000300
21.605183  1.199285  0.000300
21.683530  1.200605  0.000300
21.761877  1.201506  0.000300
21.840223  1.201671  0.000300
21.918570  1.202810  0.000300
21.996917  1.193777  0.000300
22.075264  1.202541  0.000300
22.153610  1.200649  0.000300
22.231957  1.199135  0.000300
22.310304  1.181655  0.000300
22.388650  1.035315  0.000300
22.466997  1.034928  0.000300
22.545344  1.186855  0.000300
22.623690  1.205037  0.000300
22.702037  1.206019  0.000300
22.780384  1.206012  0.000300
22.858731  1.204126  0.000300
22.937077  1.202358  0.000300
23.015424  1.199624  0.000300
23.093771  1.200715  0.000300
23.172117  1.200662  0.000300
23.250464  1.200639  0.000300
23.328811  1.200858  0.000300
23.407157  1.205500  0.000300
23.485504  1.203234  0.000300
23.563851  1.206380  0.000300
23.642198  1.197367  0.000300
23.720544  1.195409  0.000300
23.798891  1.199249  0.000300
23.877238  1.204082  0.000300
23.955584  1.203317  0.000300
24.033931  1.202434  0.000300
24.112278  1.197149  0.000300
24.190625  1.205573  0.000300
24.268971  1.204234  0.000300
24.347318  1.200607  0.000300
24.425665  1.200646  0.000300
24.504011  1.197828  0.000300
24.582358  1.206278  0.000300
24.660705  1.201809  0.000300
24.739051  1.204921  0.000300
24.817398  1.202620  0.000300
24.895745  1.200403  0.000300
24.974092  1.202502  0.000300
25.052438  1.199721  0.000300
25.130785  1.205079  0.000300
25.209132  1.206154  0.000300
25.287478  1.205370  0.000300
25.365825  1.201230  0.000300
25.444172  1.208290  0.000300
25.522519  1.204894  0.000300
25.600865  1.198444  0.000300
25.679212  1.201967  0.000300
25.757559  1.202853  0.000300
25.835905  1.201018  0.000300
25.914252  1.200447  0.000300
25.992599  1.204627  0.000300
26.070945  1.201753  0.000300
26.149292  1.199160  0.000300
26.227639  0.911744  0.000300
26.305986  0.859436  0.000300
26.384332  1.205652  0.000300
26.462679  1.200807  0.000300
26.541026  1.200468  0.000300
26.619372  1.202348  0.000300
26.697719  1.199274  0.000300
26.776066  1.199536  0.000300
26.854412  1.203285  0.000300
26.932759  1.198226  0.000300
27.011106  1.207360  0.000300
27.089453  1.204813  0.000300
27.167799  1.202224  0.000300
27.246146  1.200348  0.000300
27.324493  1.205184  0.000300
27.402839  1.203537  0.000300
27.481186  1.200102  0.000300
27.559533  1.200522  0.000300
27.637880  1.201480  0.000300
27.716226  1.198424  0.000300
27.794573  1.198325  0.000300
27.872920  1.203192  0.000300
27.951266  1.203620  0.000300
28.029613  1.209974  0.000300
28.107960  1.206977  0.000300
28.186306  1.199239  0.000300
28.264653  1.197563  0.000300
28.343000  1.197429  0.000300
28.421347  1.205162  0.000300
28.499693  1.203510  0.000300
28.578040  1.199526  0.000300
28.656387  1.200377  0.000300
28.734733  1.204299  0.000300
28.813080  1.204759  0.000300
28.891427  1.204906  0.000300
28.969774  1.204334  0.000300
29.048120  1.201669  0.000300
29.126467  1.200567  0.000300
29.204814  1.205219  0.000300
29.283160  1.203625  0.000300
29.361507  1.203810  0.000300
29.439854  1.209355  0.000300
29.518200  1.205940  0.000300
29.596547  1.205940  0.000300
29.674894  1.205523  0.000300
29.753241  1.195979  0.000300
29.831587  1.202589  0.000300
29.909934  1.205909  0.000300
29.988281  1.200796  0.000300
30.066627  1.202096  0.000300
30.144974  1.203182  0.000300
30.223321  1.205439  0.000300
30.301667  1.205724  0.000300
30.380014  1.200376  0.000300
30.458361  1.202854  0.000300
30.536708  1.206376  0.000300
30.615054  1.202840  0.000300
30.693401  1.112745  0.000300
30.771748  1.009165  0.000300
30.850094  1.110341  0.000300
30.928441  1.202366  0.000300
31.006788  1.204897  0.000300
31.085135  1.206321  0.000300
31.163481  1.199599  0.000300
31.241828  1.206133  0.000300
31.320175  1.205396  0.000300
31.398521  1.201880  0.000300
31.476868  1.203467  0.000300
31.555215  1.202721  0.000300
31.633561  1.205809  0.000300
31.711908  1.201879  0.000300
31.790255  1.197830  0.000300
31.868602  1.205237  0.000300
31.946948  1.202815  0.000300
32.025295  1.205449  0.000300
32.103642  1.204505  0.000300
32.181988  1.205154  0.000300
32.260335  1.205101  0.000300
32.338682  1.203837  0.000300
32.417029  1.205603  0.000300
32.495375  1.206917  0.000300
32.573722  1.205561  0.000300
32.652069  1.199204  0.000300
32.730415  1.204550  0.000300
32.808762  1.202169  0.000300
32.887109  1.205036  0.000300
32.965455  1.204655  0.000300
33.043802  1.197857  0.000300
33.122149  1.201814  0.000300
33.200496  1.200176  0.000300
33.278842  1.203508  0.000300
33.357189  1.204876  0.000300
33.435536  1.202625  0.000300
33.513882  1.206714  0.000300
33.592229  1.199814  0.000300
33.670576  1.201330  0.000300
33.748922  1.206326  0.000300
33.827269  1.201909  0.000300
33.905616  1.205704  0.000300
33.983963  1.202911  0.000300
34.062309  1.205289  0.000300
34.140656  1.200147  0.000300
34.219003  1.205029  0.000300
34.297349  1.208484  0.000300
34.375696  1.204690  0.000300
34.454043  1.200347  0.000300
34.532390  1.143710  0.000300
34.610736  0.745956  0.000300
34.689083  1.079489  0.000300
34.767430  1.206457  0.000300
34.845776  1.207587  0.000300
34.924123  1.207846  0.000300
35.002470  1.203212  0.000300
35.080816  1.202639  0.000300
35.159163  1.206647  0.000300
35.237510  1.209522  0.000300
35.315857  1.204067  0.000300
35.394203  1.205270  0.000300
35.472550  1.203427  0.000300
35.550897  1.197513  0.000300
35.629243  1.204486  0.000300
35.707590  1.210277  0.000300
35.785937  1.202330  0.000300
35.864283  1.204069  0.000300
35.942630  1.200229  0.000300
36.020977  1.206665  0.000300
36.099324  1.205261  0.000300
36.177670  1.203511  0.000300
36.256017  1.206736  0.000300
36.334364  1.206403  0.000300
36.412710  1.201369  0.000300
36.491057  1.200738  0.000300
36.569404  1.205905  0.000300
36.647751  1.206670  0.000300
36.726097  1.204867  0.000300
36.804444  1.204847  0.000300
